-13 77 84 -107 -82 38 20 33
-98 110 -119 97 -119 28 7 -7
76 -101 -37 -67 -64 -19 91 58
-23 101 -124 48 88 -47 -40 -102
-64 2 88 -92 3 -35 38 45
92 -47 79 97 27 -35 -120 -84
117 -75 106 16 56 112 -125 -38
28 -1 93 86 -98 -60 -103 -65
-59 28 -47 -52 -37 127 -73 119
-74 -45 54 101 -106 -78 -66 117
-94 58 107 37 69 33 44 -29
22 -12 49 -70 83 19 -18 -7
-86 117 26 42 -1 75 -39 -99
-51 43 -118 50 55 118 74 -60
89 -64 -32 -95 -111 -72 97 89
-37 -22 -104 -5 27 124 -119 124
-77 -70 113 -94 37 107 69 -37
-30 -66 93 -11 32 25 -45 16
3 -28 -86 -6 68 108 7 -62
